tests/dstn009.cnv
* Sea-Bird SBE 9 Data File:
* FileName = C:\CTD Data\AGU035_SANAE_Dec2019\stn009.hex
* Software Version Seasave V 7.22.5
* Temperature SN = 5966
* Conductivity SN = 4551
* Number of Bytes Per Scan = 40
* Number of Voltage Words = 5
* Number of Scans Averaged by the Deck Unit = 1
* NMEA Latitude = 63 26.10 S
* NMEA Longitude = 051 05.06 W
* NMEA UTC (Time) = Jan 09 2019 01:49:58
* NMEA baud rate = 4800
** Ship: SA Agulhas II
** Cruise: AGU035
** Ship Station: AM00972
** Grid number: VOY-035-010
** Latitude: 63° 26.100'S
** Longitude: 51° 05.060'W
** Bottom depth (m): 2180.00
** Operator: Tahlia & Harry
# nquan = 23
# nvalues = 2154                        
# units = specified
# name 0 = t090C: Temperature [ITS-90, deg C]
# name 1 = sal00: Salinity, Practical [PSU]
# name 2 = c0S/m: Conductivity [S/m]
# name 3 = prDM: Pressure, Digiquartz [db]
# name 4 = t190C: Temperature, 2 [ITS-90, deg C]
# name 5 = c1S/m: Conductivity, 2 [S/m]
# name 6 = potemp090C: Potential Temperature [ITS-90, deg C]
# name 7 = potemp190C: Potential Temperature, 2 [ITS-90, deg C]
# name 8 = CStarAt0: Beam Attenuation, WET Labs C-Star [1/m]
# name 9 = CStarAt1: Beam Attenuation, WET Labs C-Star, 2 [1/m]
# name 10 = sbeox0ML/L: Oxygen, SBE 43 [ml/l]
# name 11 = sbeox0PS: Oxygen, SBE 43 [% saturation]
# name 12 = sbeox0Mm/Kg: Oxygen, SBE 43 [umol/kg]
# name 13 = turbWETbb0: Turbidity, WET Labs ECO BB [m^-1/sr]
# name 14 = flECO-AFL: Fluorescence, WET Labs ECO-AFL/FL [mg/m^3]
# name 15 = turbWETntu0: Turbidity, WET Labs ECO [NTU]
# name 16 = altM: Altimeter [m]
# name 17 = par: PAR/Irradiance, Biospherical/Licor
# name 18 = spar: SPAR/Surface Irradiance
# name 19 = sal00: Salinity, Practical [PSU]
# name 20 = svCM: Sound Velocity [Chen-Millero, m/s]
# name 21 = density00: Density [density, kg/m^3]
# name 22 = flag: flag
# span 0 =    -1.8232,     0.7512       
# span 1 =    33.7633,    34.6861       
# span 2 =   2.709833,   2.970013       
# span 3 =      2.000,   2155.000       
# span 4 =    -1.8242,     0.7503       
# span 5 =   2.709818,   2.969944       
# span 6 =    -1.8254,     0.7259       
# span 7 =    -1.8264,     0.7250       
# span 8 =     0.0661,     0.3607       
# span 9 =    -0.0145,     0.2384       
# span 10 =    4.04414,    7.18350      
# span 11 =   51.32946,   87.49212      
# span 12 =    175.724,    312.340      
# span 13 =     0.0004,     0.0006      
# span 14 =    -0.0337,     1.1874      
# span 15 =     0.4868,     0.6556      
# span 16 =      10.91,      98.39      
# span 17 = 1.0000e-12, 1.0000e-12      
# span 18 = 0.0000e+00, 0.0000e+00      
# span 19 =    33.7632,    34.6859      
# span 20 =    1441.34,    1479.06      
# span 21 =  1027.1457,  1037.9504      
# span 22 = 0.0000e+00, 0.0000e+00      
# interval = decibars: 1                
# start_time = Jan 09 2019 01:49:58 [NMEA time, header]
# bad_flag = -9.990e-29
*END*
[from data line 1701]
    -0.1869    34.6575   2.936502   1703.000    -0.1879   2.936433    -0.2700    -0.2710     0.0666    -0.0115    4.63205   57.40777    201.263     0.0004     0.0010     0.5257      98.22 1.0000e-12 0.0000e+00    34.6573    1475.94  1035.8168 0.0000e+00
    -0.1874    34.6575   2.936498   1704.000    -0.1882   2.936459    -0.2706    -0.2713     0.0669    -0.0116    4.63276   57.41579    201.294     0.0004     0.0122     0.5082      98.23 1.0000e-12 0.0000e+00    34.6573    1475.95  1035.8214 0.0000e+00
    -0.1874    34.6575   2.936538   1705.000    -0.1887   2.936457    -0.2707    -0.2719     0.0666    -0.0119    4.63340   57.42369    201.322     0.0004     0.0044     0.5202      98.23 1.0000e-12 0.0000e+00    34.6574    1475.97  1035.8261 0.0000e+00
    -0.1886    34.6574   2.936470   1706.000    -0.1897   2.936407    -0.2719    -0.2730     0.0669    -0.0116    4.64044   57.50909    201.628     0.0004    -0.0004     0.5258      98.22 1.0000e-12 0.0000e+00    34.6572    1475.98  1035.8307 0.0000e+00
    -0.1892    34.6573   2.936454   1707.000    -0.1905   2.936373    -0.2726    -0.2738     0.0667    -0.0121    4.65050   57.63276    202.065     0.0004     0.0162     0.5258      98.22 1.0000e-12 0.0000e+00    34.6572    1475.99  1035.8353 0.0000e+00
    -0.1883    34.6575   2.936594   1708.000    -0.1898   2.936487    -0.2717    -0.2732     0.0667    -0.0119    4.64260   57.53635    201.722     0.0004     0.0018     0.5666      98.23 1.0000e-12 0.0000e+00    34.6574    1476.02  1035.8400 0.0000e+00
    -0.1875    34.6573   2.936685   1709.000    -0.1891   2.936574    -0.2710    -0.2726     0.0666    -0.0114    4.64580   57.57710    201.861     0.0004     0.0008     0.5746      98.23 1.0000e-12 0.0000e+00    34.6572    1476.04  1035.8444 0.0000e+00
    -0.1880    34.6575   2.936702   1710.000    -0.1893   2.936620    -0.2716    -0.2729     0.0667    -0.0114    4.64356   57.54868    201.763     0.0004     0.0016     0.5312      98.23 1.0000e-12 0.0000e+00    34.6574    1476.05  1035.8492 0.0000e+00
    -0.1870    34.6575   2.936830   1711.000    -0.1881   2.936756    -0.2707    -0.2717     0.0666    -0.0116    4.63211   57.40832    201.266     0.0004     0.0003     0.5258      98.23 1.0000e-12 0.0000e+00    34.6575    1476.07  1035.8537 0.0000e+00
    -0.1887    34.6570   2.936691   1712.000    -0.1908   2.936527    -0.2723    -0.2744     0.0667    -0.0118    4.64387   57.55134    201.777     0.0004     0.0016     0.5258      98.23 1.0000e-12 0.0000e+00    34.6570    1476.08  1035.8581 0.0000e+00
    -0.1940    34.6571   2.936279   1713.000    -0.1946   2.936238    -0.2776    -0.2783     0.0667    -0.0115    4.63696   57.45784    201.477     0.0004     0.0009     0.5258      98.23 1.0000e-12 0.0000e+00    34.6569    1476.07  1035.8632 0.0000e+00
    -0.1895    34.6578   2.936759   1714.000    -0.1919   2.936603    -0.2733    -0.2756     0.0666    -0.0113    4.62678   57.33857    201.034     0.0004     0.0023     0.5258      98.23 1.0000e-12 0.0000e+00    34.6577    1476.11  1035.8680 0.0000e+00
    -0.1831    34.6575   2.937340   1715.000    -0.1842   2.937270    -0.2670    -0.2682     0.0670    -0.0115    4.64125   57.52746    201.663     0.0004     0.0016     0.5258      98.23 1.0000e-12 0.0000e+00    34.6576    1476.16  1035.8718 0.0000e+00
    -0.1849    34.6572   2.937204   1716.000    -0.1867   2.937055    -0.2688    -0.2707     0.0666    -0.0117    4.63990   57.50796    201.605     0.0004     0.0016     0.5258      98.23 1.0000e-12 0.0000e+00    34.6573    1476.17  1035.8763 0.0000e+00
    -0.1852    34.6579   2.937272   1717.000    -0.1836   2.937438    -0.2692    -0.2677     0.0670    -0.0114    4.64988   57.63147    202.038     0.0004     0.0016     0.5312      98.23 1.0000e-12 0.0000e+00    34.6580    1476.18  1035.8815 0.0000e+00
    -0.1788    34.6574   2.937832   1718.000    -0.1790   2.937828    -0.2630    -0.2632     0.0667    -0.0117    4.63128   57.41040    201.230     0.0004     0.0146     0.5743      98.24 1.0000e-12 0.0000e+00    34.6576    1476.23  1035.8852 0.0000e+00
    -0.1767    34.6576   2.938073   1719.000    -0.1769   2.938090    -0.2610    -0.2612     0.0667    -0.0117    4.63590   57.47093    201.431     0.0004     0.0064     0.5620      98.24 1.0000e-12 0.0000e+00    34.6579    1476.26  1035.8898 0.0000e+00
    -0.1792    34.6575   2.937880   1720.000    -0.1798   2.937852    -0.2635    -0.2641     0.0671    -0.0116    4.63965   57.51353    201.594     0.0004     0.0125     0.5259      98.23 1.0000e-12 0.0000e+00    34.6576    1476.26  1035.8944 0.0000e+00
    -0.1804    34.6573   2.937799   1721.000    -0.1819   2.937670    -0.2647    -0.2662     0.0666    -0.0118    4.63234   57.42109    201.276     0.0004     0.0070     0.5439      98.23 1.0000e-12 0.0000e+00    34.6574    1476.27  1035.8990 0.0000e+00
    -0.1860    34.6572   2.937348   1722.000    -0.1869   2.937297    -0.2703    -0.2712     0.0668    -0.0117    4.61734   57.22665    200.624     0.0004     0.0105     0.5530      98.23 1.0000e-12 0.0000e+00    34.6572    1476.26  1035.9040 0.0000e+00
    -0.1848    34.6578   2.937532   1723.000    -0.1841   2.937622    -0.2692    -0.2686     0.0669    -0.0107    4.63465   57.44328    201.376     0.0004     0.0015     0.5255      98.23 1.0000e-12 0.0000e+00    34.6577    1476.28  1035.9089 0.0000e+00
    -0.1816    34.6574   2.937826   1724.000    -0.1828   2.937759    -0.2662    -0.2673     0.0671    -0.0118    4.63371   57.43621    201.336     0.0004     0.0096     0.5258      98.24 1.0000e-12 0.0000e+00    34.6575    1476.32  1035.9130 0.0000e+00
    -0.1814    34.6577   2.937908   1725.000    -0.1825   2.937824    -0.2660    -0.2671     0.0670    -0.0114    4.63439   57.44507    201.365     0.0004     0.0107     0.5258      98.24 1.0000e-12 0.0000e+00    34.6578    1476.33  1035.9177 0.0000e+00
    -0.1793    34.6576   2.938123   1726.000    -0.1805   2.938043    -0.2640    -0.2652     0.0669    -0.0114    4.64444   57.57280    201.802     0.0004    -0.0006     0.5277      98.24 1.0000e-12 0.0000e+00    34.6577    1476.36  1035.9221 0.0000e+00
    -0.1808    34.6574   2.938023   1727.000    -0.1811   2.938013    -0.2655    -0.2659     0.0666    -0.0115    4.63826   57.49396    201.533     0.0004    -0.0004     0.5494      98.24 1.0000e-12 0.0000e+00    34.6575    1476.37  1035.9267 0.0000e+00
    -0.1820    34.6577   2.937971   1728.000    -0.1831   2.937892    -0.2668    -0.2679     0.0666    -0.0119    4.62993   57.38887    201.171     0.0004     0.0010     0.5730      98.23 1.0000e-12 0.0000e+00    34.6577    1476.38  1035.9315 0.0000e+00
    -0.1802    34.6576   2.938168   1729.000    -0.1808   2.938140    -0.2651    -0.2657     0.0668    -0.0123    4.63450   57.44822    201.370     0.0004     0.0008     0.5470      98.24 1.0000e-12 0.0000e+00    34.6577    1476.41  1035.9359 0.0000e+00
    -0.1800    34.6576   2.938219   1730.000    -0.1809   2.938165    -0.2650    -0.2659     0.0672    -0.0116    4.63062   57.40037    201.201     0.0004     0.0023     0.5512      98.24 1.0000e-12 0.0000e+00    34.6576    1476.42  1035.9405 0.0000e+00
    -0.1793    34.6578   2.938333   1731.000    -0.1809   2.938208    -0.2644    -0.2659     0.0670    -0.0115    4.63440   57.44835    201.366     0.0004    -0.0005     0.5484      98.24 1.0000e-12 0.0000e+00    34.6578    1476.44  1035.9452 0.0000e+00
    -0.1777    34.6577   2.938508   1732.000    -0.1780   2.938504    -0.2628    -0.2631     0.0670    -0.0118    4.63799   57.49527    201.522     0.0004     0.0011     0.5261      98.24 1.0000e-12 0.0000e+00    34.6578    1476.47  1035.9495 0.0000e+00
    -0.1787    34.6576   2.938456   1733.000    -0.1779   2.938553    -0.2639    -0.2630     0.0668    -0.0120    4.62346   57.31361    200.890     0.0004     0.0006     0.5258      98.24 1.0000e-12 0.0000e+00    34.6577    1476.48  1035.9542 0.0000e+00
    -0.1781    34.6575   2.938543   1734.000    -0.1796   2.938440    -0.2633    -0.2648     0.0668    -0.0121    4.62547   57.33940    200.978     0.0004     0.0003     0.5258      98.24 1.0000e-12 0.0000e+00    34.6576    1476.50  1035.9586 0.0000e+00
    -0.1804    34.6574   2.938370   1735.000    -0.1806   2.938382    -0.2657    -0.2659     0.0665    -0.0116    4.63045   57.39756    201.194     0.0004     0.0016     0.5258      98.24 1.0000e-12 0.0000e+00    34.6574    1476.51  1035.9633 0.0000e+00
    -0.1814    34.6576   2.938343   1736.000    -0.1819   2.938313    -0.2667    -0.2673     0.0668    -0.0114    4.62521   57.33121    200.966     0.0004     0.0208     0.5258      98.24 1.0000e-12 0.0000e+00    34.6576    1476.52  1035.9681 0.0000e+00
    -0.1768    34.6579   2.938804   1737.000    -0.1784   2.938689    -0.2623    -0.2639     0.0670    -0.0113    4.61911   57.26266    200.701     0.0004     0.0031     0.5258      98.24 1.0000e-12 0.0000e+00    34.6579    1476.56  1035.9726 0.0000e+00
    -0.1759    34.6578   2.938922   1738.000    -0.1770   2.938845    -0.2614    -0.2625     0.0669    -0.0116    4.63198   57.42362    201.261     0.0004    -0.0008     0.5258      98.24 1.0000e-12 0.0000e+00    34.6579    1476.58  1035.9770 0.0000e+00
    -0.1759    34.6576   2.938950   1739.000    -0.1767   2.938891    -0.2615    -0.2622     0.0668    -0.0119    4.63140   57.41632    201.235     0.0004     0.0117     0.5258      98.24 1.0000e-12 0.0000e+00    34.6577    1476.59  1035.9815 0.0000e+00
    -0.1761    34.6578   2.938978   1740.000    -0.1774   2.938883    -0.2618    -0.2630     0.0670    -0.0118    4.63179   57.42085    201.252     0.0004     0.0058     0.5258      98.24 1.0000e-12 0.0000e+00    34.6579    1476.61  1035.9862 0.0000e+00
    -0.1755    34.6576   2.939060   1741.000    -0.1767   2.938991    -0.2612    -0.2624     0.0667    -0.0116    4.63283   57.43469    201.298     0.0004    -0.0009     0.5258      98.24 1.0000e-12 0.0000e+00    34.6577    1476.63  1035.9906 0.0000e+00
    -0.1756    34.6577   2.939099   1742.000    -0.1764   2.939062    -0.2614    -0.2622     0.0671    -0.0121    4.62439   57.32985    200.931     0.0004     0.0012     0.5317      98.24 1.0000e-12 0.0000e+00    34.6578    1476.65  1035.9953 0.0000e+00
    -0.1743    34.6577   2.939258   1743.000    -0.1755   2.939168    -0.2601    -0.2613     0.0670    -0.0122    4.62758   57.37143    201.069     0.0004     0.0012     0.5578      98.24 1.0000e-12 0.0000e+00    34.6578    1476.67  1035.9998 0.0000e+00
    -0.1746    34.6577   2.939265   1744.000    -0.1755   2.939222    -0.2605    -0.2614     0.0668    -0.0123    4.62153   57.29595    200.807     0.0004     0.0010     0.5467      98.24 1.0000e-12 0.0000e+00    34.6578    1476.69  1036.0044 0.0000e+00
    -0.1747    34.6580   2.939321   1745.000    -0.1758   2.939237    -0.2607    -0.2618     0.0667    -0.0121    4.63340   57.44309    201.322     0.0004     0.0023     0.5384      98.24 1.0000e-12 0.0000e+00    34.6580    1476.70  1036.0092 0.0000e+00
    -0.1747    34.6576   2.939336   1746.000    -0.1755   2.939276    -0.2607    -0.2616     0.0668    -0.0117    4.63297   57.43756    201.304     0.0004     0.0023     0.5033      98.24 1.0000e-12 0.0000e+00    34.6577    1476.72  1036.0135 0.0000e+00
    -0.1751    34.6579   2.939359   1747.000    -0.1756   2.939324    -0.2612    -0.2617     0.0670    -0.0120    4.62806   57.37621    201.090     0.0004     0.0006     0.5258      98.24 1.0000e-12 0.0000e+00    34.6579    1476.73  1036.0183 0.0000e+00
    -0.1758    34.6576   2.939312   1748.000    -0.1767   2.939264    -0.2620    -0.2628     0.0669    -0.0122    4.62418   57.32691    200.922     0.0004     0.0006     0.5258      98.24 1.0000e-12 0.0000e+00    34.6576    1476.75  1036.0227 0.0000e+00
    -0.1815    34.6573   2.938837   1749.000    -0.1826   2.938768    -0.2676    -0.2687     0.0671    -0.0121    4.61536   57.20899    200.539     0.0004     0.0016     0.5258      98.24 1.0000e-12 0.0000e+00    34.6571    1476.74  1036.0275 0.0000e+00
    -0.1875    34.6573   2.938360   1750.000    -0.1885   2.938294    -0.2736    -0.2746     0.0671    -0.0123    4.62606   57.33263    201.003     0.0004     0.0035     0.5306      98.24 1.0000e-12 0.0000e+00    34.6570    1476.72  1036.0326 0.0000e+00
    -0.1872    34.6574   2.938435   1751.000    -0.1884   2.938354    -0.2734    -0.2746     0.0668    -0.0115    4.62717   57.34685    201.052     0.0004     0.0137     0.5563      98.24 1.0000e-12 0.0000e+00    34.6571    1476.74  1036.0373 0.0000e+00
    -0.1885    34.6572   2.938349   1752.000    -0.1892   2.938319    -0.2748    -0.2755     0.0671    -0.0114    4.63605   57.45476    201.437     0.0004     0.0022     0.5509      98.24 1.0000e-12 0.0000e+00    34.6569    1476.75  1036.0418 0.0000e+00
    -0.1895    34.6573   2.938313   1753.000    -0.1900   2.938291    -0.2757    -0.2763     0.0670    -0.0118    4.63376   57.42504    201.338     0.0004     0.0010     0.6082      98.24 1.0000e-12 0.0000e+00    34.6570    1476.77  1036.0466 0.0000e+00
    -0.1898    34.6573   2.938324   1754.000    -0.1905   2.938302    -0.2762    -0.2768     0.0670    -0.0117    4.64331   57.54276    201.753     0.0004     0.0150     0.5463      98.24 1.0000e-12 0.0000e+00    34.6570    1476.78  1036.0512 0.0000e+00
    -0.1900    34.6574   2.938363   1755.000    -0.1913   2.938265    -0.2764    -0.2777     0.0670    -0.0122    4.64096   57.51350    201.651     0.0004     0.0063     0.5597      98.24 1.0000e-12 0.0000e+00    34.6572    1476.80  1036.0560 0.0000e+00
    -0.1904    34.6572   2.938354   1756.000    -0.1914   2.938292    -0.2769    -0.2778     0.0670    -0.0114    4.64553   57.56941    201.849     0.0004     0.0008     0.5743      98.24 1.0000e-12 0.0000e+00    34.6570    1476.81  1036.0605 0.0000e+00
    -0.1915    34.6571   2.938290   1757.000    -0.1923   2.938247    -0.2780    -0.2788     0.0674    -0.0123    4.65653   57.70398    202.327     0.0004     0.0006     0.5529      98.24 1.0000e-12 0.0000e+00    34.6569    1476.82  1036.0650 0.0000e+00
    -0.1942    34.6570   2.938098   1758.000    -0.1946   2.938088    -0.2807    -0.2811     0.0669    -0.0122    4.63664   57.45347    201.463     0.0004     0.0016     0.5397      98.24 1.0000e-12 0.0000e+00    34.6567    1476.83  1036.0698 0.0000e+00
    -0.1948    34.6570   2.938084   1759.000    -0.1961   2.938000    -0.2815    -0.2827     0.0673    -0.0121    4.63279   57.40475    201.295     0.0004    -0.0003     0.5535      98.24 1.0000e-12 0.0000e+00    34.6568    1476.84  1036.0745 0.0000e+00
    -0.1951    34.6570   2.938109   1760.000    -0.1961   2.938051    -0.2817    -0.2827     0.0673    -0.0122    4.63639   57.44911    201.452     0.0004    -0.0002     0.5258      98.24 1.0000e-12 0.0000e+00    34.6568    1476.86  1036.0792 0.0000e+00
    -0.1969    34.6567   2.937967   1761.000    -0.1982   2.937881    -0.2836    -0.2849     0.0668    -0.0122    4.64366   57.53621    201.768     0.0004     0.0137     0.5258      98.24 1.0000e-12 0.0000e+00    34.6565    1476.87  1036.0837 0.0000e+00
    -0.2021    34.6568   2.937563   1762.000    -0.2032   2.937486    -0.2888    -0.2899     0.0671    -0.0123    4.65394   57.65583    202.215     0.0004     0.0042     0.5258      98.24 1.0000e-12 0.0000e+00    34.6564    1476.86  1036.0887 0.0000e+00
    -0.2073    34.6562   2.937112   1763.000    -0.2084   2.937037    -0.2940    -0.2950     0.0670    -0.0119    4.65085   57.60947    202.080     0.0004     0.0004     0.5258      98.24 1.0000e-12 0.0000e+00    34.6557    1476.85  1036.0933 0.0000e+00
    -0.2137    34.6565   2.936621   1764.000    -0.2145   2.936589    -0.3003    -0.3011     0.0670    -0.0120    4.65727   57.67949    202.359     0.0004     0.0042     0.5258      98.24 1.0000e-12 0.0000e+00    34.6559    1476.84  1036.0986 0.0000e+00
