tests/dstn009.cnv
* Sea-Bird SBE 9 Data File:
* FileName = C:\CTD Data\AGU035_SANAE_Dec2019\stn009.hex
* Software Version Seasave V 7.22.5
* Temperature SN = 5966
* Conductivity SN = 4551
* Number of Bytes Per Scan = 40
* Number of Voltage Words = 5
* Number of Scans Averaged by the Deck Unit = 1
* NMEA Latitude = 63 26.10 S
* NMEA Longitude = 051 05.06 W
* NMEA UTC (Time) = Jan 09 2019 01:49:58
* NMEA baud rate = 4800
** Ship: SA Agulhas II
** Cruise: AGU035
** Ship Station: AM00972
** Grid number: VOY-035-010
** Latitude: 63° 26.100'S
** Longitude: 51° 05.060'W
** Bottom depth (m): 2180.00
** Operator: Tahlia & Harry
# nquan = 23
# nvalues = 2154                        
# units = specified
# name 0 = t090C: Temperature [ITS-90, deg C]
# name 1 = sal00: Salinity, Practical [PSU]
# name 2 = c0S/m: Conductivity [S/m]
# name 3 = prDM: Pressure, Digiquartz [db]
# name 4 = t190C: Temperature, 2 [ITS-90, deg C]
# name 5 = c1S/m: Conductivity, 2 [S/m]
# name 6 = potemp090C: Potential Temperature [ITS-90, deg C]
# name 7 = potemp190C: Potential Temperature, 2 [ITS-90, deg C]
# name 8 = CStarAt0: Beam Attenuation, WET Labs C-Star [1/m]
# name 9 = CStarAt1: Beam Attenuation, WET Labs C-Star, 2 [1/m]
# name 10 = sbeox0ML/L: Oxygen, SBE 43 [ml/l]
# name 11 = sbeox0PS: Oxygen, SBE 43 [% saturation]
# name 12 = sbeox0Mm/Kg: Oxygen, SBE 43 [umol/kg]
# name 13 = turbWETbb0: Turbidity, WET Labs ECO BB [m^-1/sr]
# name 14 = flECO-AFL: Fluorescence, WET Labs ECO-AFL/FL [mg/m^3]
# name 15 = turbWETntu0: Turbidity, WET Labs ECO [NTU]
# name 16 = altM: Altimeter [m]
# name 17 = par: PAR/Irradiance, Biospherical/Licor
# name 18 = spar: SPAR/Surface Irradiance
# name 19 = sal00: Salinity, Practical [PSU]
# name 20 = svCM: Sound Velocity [Chen-Millero, m/s]
# name 21 = density00: Density [density, kg/m^3]
# name 22 = flag: flag
# span 0 =    -1.8232,     0.7512       
# span 1 =    33.7633,    34.6861       
# span 2 =   2.709833,   2.970013       
# span 3 =      2.000,   2155.000       
# span 4 =    -1.8242,     0.7503       
# span 5 =   2.709818,   2.969944       
# span 6 =    -1.8254,     0.7259       
# span 7 =    -1.8264,     0.7250       
# span 8 =     0.0661,     0.3607       
# span 9 =    -0.0145,     0.2384       
# span 10 =    4.04414,    7.18350      
# span 11 =   51.32946,   87.49212      
# span 12 =    175.724,    312.340      
# span 13 =     0.0004,     0.0006      
# span 14 =    -0.0337,     1.1874      
# span 15 =     0.4868,     0.6556      
# span 16 =      10.91,      98.39      
# span 17 = 1.0000e-12, 1.0000e-12      
# span 18 = 0.0000e+00, 0.0000e+00      
# span 19 =    33.7632,    34.6859      
# span 20 =    1441.34,    1479.06      
# span 21 =  1027.1457,  1037.9504      
# span 22 = 0.0000e+00, 0.0000e+00      
# interval = decibars: 1                
# start_time = Jan 09 2019 01:49:58 [NMEA time, header]
# bad_flag = -9.990e-29
*END*
[from data line 1953]
    -0.7025    34.6261   2.900562   1955.000    -0.7047   2.900405    -0.7940    -0.7963     0.0749    -0.0055    5.12627   62.66312    222.738     0.0004     0.0003     0.5543      98.28 1.0000e-12 0.0000e+00    34.6241    1477.73  1036.9989 0.0000e+00
    -0.7089    34.6253   2.900002   1956.000    -0.7097   2.899972    -0.8005    -0.8012     0.0748    -0.0061    5.12938   62.69003    222.873     0.0004     0.0011     0.5510      98.28 1.0000e-12 0.0000e+00    34.6234    1477.72  1037.0035 0.0000e+00
    -0.7196    34.6249   2.899112   1957.000    -0.7216   2.898961    -0.8110    -0.8131     0.0749    -0.0060    5.15047   62.92980    223.789     0.0004     0.0006     0.5395      98.28 1.0000e-12 0.0000e+00    34.6230    1477.69  1037.0089 0.0000e+00
    -0.7294    34.6231   2.898185   1958.000    -0.7315   2.898054    -0.8208    -0.8228     0.0751    -0.0056    5.17105   63.16412    224.684     0.0004     0.0011     0.5699      98.29 1.0000e-12 0.0000e+00    34.6212    1477.65  1037.0130 0.0000e+00
    -0.7446    34.6230   2.896925   1959.000    -0.7458   2.896870    -0.8358    -0.8370     0.0752    -0.0057    5.18832   63.34958    225.434     0.0004    -0.0002     0.5598      98.29 1.0000e-12 0.0000e+00    34.6210    1477.60  1037.0189 0.0000e+00
    -0.7499    34.6226   2.896496   1960.000    -0.7508   2.896465    -0.8411    -0.8419     0.0757    -0.0052    5.18748   63.33021    225.398     0.0004     0.0017     0.5307      98.29 1.0000e-12 0.0000e+00    34.6207    1477.59  1037.0238 0.0000e+00
    -0.7606    34.6226   2.895627   1961.000    -0.7616   2.895581    -0.8517    -0.8526     0.0762    -0.0052    5.19693   63.42752    225.808     0.0004    -0.0006     0.5744      98.29 1.0000e-12 0.0000e+00    34.6207    1477.56  1037.0294 0.0000e+00
    -0.7661    34.6224   2.895203   1962.000    -0.7674   2.895128    -0.8572    -0.8584     0.0763    -0.0050    5.20749   63.54710    226.267     0.0004     0.0001     0.5746      98.29 1.0000e-12 0.0000e+00    34.6206    1477.55  1037.0345 0.0000e+00
    -0.7683    34.6222   2.895064   1963.000    -0.7690   2.895041    -0.8593    -0.8600     0.0767    -0.0048    5.22676   63.77855    227.104     0.0004     0.0174     0.5292      98.29 1.0000e-12 0.0000e+00    34.6206    1477.56  1037.0393 0.0000e+00
    -0.7706    34.6220   2.894901   1964.000    -0.7715   2.894876    -0.8617    -0.8626     0.0770    -0.0038    5.22538   63.75776    227.044     0.0004     0.0001     0.5278      98.29 1.0000e-12 0.0000e+00    34.6206    1477.56  1037.0441 0.0000e+00
    -0.7724    34.6219   2.894795   1965.000    -0.7733   2.894756    -0.8636    -0.8644     0.0769    -0.0035    5.23723   63.89923    227.559     0.0004     0.0000     0.5748      98.29 1.0000e-12 0.0000e+00    34.6207    1477.57  1037.0490 0.0000e+00
    -0.7754    34.6214   2.894545   1966.000    -0.7767   2.894482    -0.8666    -0.8678     0.0770    -0.0042    5.23412   63.85597    227.424     0.0004     0.0001     0.5263      98.29 1.0000e-12 0.0000e+00    34.6202    1477.57  1037.0534 0.0000e+00
    -0.7844    34.6209   2.893790   1967.000    -0.7853   2.893751    -0.8754    -0.8763     0.0769    -0.0029    5.22791   63.76486    227.154     0.0004     0.0003     0.5275      98.29 1.0000e-12 0.0000e+00    34.6196    1477.55  1037.0585 0.0000e+00
    -0.7914    34.6208   2.893224   1968.000    -0.7925   2.893172    -0.8824    -0.8835     0.0778    -0.0008    5.22084   63.66677    226.847     0.0004     0.0011     0.5650      98.29 1.0000e-12 0.0000e+00    34.6195    1477.53  1037.0636 0.0000e+00
    -0.8014    34.6205   2.892390   1969.000    -0.8024   2.892337    -0.8923    -0.8933     0.0787    -0.0032    5.23708   63.84770    227.553     0.0004     0.0005     0.5447      98.29 1.0000e-12 0.0000e+00    34.6190    1477.50  1037.0689 0.0000e+00
    -0.8087    34.6205   2.891813   1970.000    -0.8096   2.891769    -0.8996    -0.9005     0.0793    -0.0031    5.24531   63.93570    227.910     0.0004     0.0016     0.5329      98.29 1.0000e-12 0.0000e+00    34.6190    1477.48  1037.0742 0.0000e+00
    -0.8124    34.6202   2.891528   1971.000    -0.8135   2.891470    -0.9032    -0.9043     0.0814    -0.0028    5.22866   63.72646    227.187     0.0004    -0.0011     0.5422      98.29 1.0000e-12 0.0000e+00    34.6188    1477.48  1037.0790 0.0000e+00
    -0.8179    34.6199   2.891081   1972.000    -0.8189   2.891044    -0.9088    -0.9098     0.0789    -0.0031    5.24826   63.95569    228.038     0.0004     0.0023     0.5445      98.29 1.0000e-12 0.0000e+00    34.6186    1477.47  1037.0839 0.0000e+00
    -0.8239    34.6197   2.890603   1973.000    -0.8249   2.890549    -0.9147    -0.9158     0.0790    -0.0029    5.25171   63.98749    228.188     0.0004     0.0009     0.5260      98.29 1.0000e-12 0.0000e+00    34.6184    1477.46  1037.0889 0.0000e+00
    -0.8277    34.6200   2.890347   1974.000    -0.8288   2.890299    -0.9185    -0.9196     0.0790    -0.0027    5.26282   64.11659    228.671     0.0004     0.0140     0.5919      98.29 1.0000e-12 0.0000e+00    34.6187    1477.46  1037.0942 0.0000e+00
    -0.8285    34.6200   2.890332   1975.000    -0.8295   2.890286    -0.9194    -0.9204     0.0787    -0.0030    5.26361   64.12485    228.705     0.0004     0.0200     0.5466      98.29 1.0000e-12 0.0000e+00    34.6189    1477.47  1037.0990 0.0000e+00
    -0.8300    34.6201   2.890266   1976.000    -0.8309   2.890229    -0.9209    -0.9217     0.0790    -0.0024    5.26853   64.18233    228.919     0.0004     0.0036     0.5650      98.29 1.0000e-12 0.0000e+00    34.6192    1477.48  1037.1039 0.0000e+00
    -0.8294    34.6202   2.890377   1977.000    -0.8304   2.890333    -0.9204    -0.9214     0.0791    -0.0025    5.27702   64.28684    229.288     0.0004     0.0137     0.5257      98.29 1.0000e-12 0.0000e+00    34.6194    1477.50  1037.1087 0.0000e+00
    -0.8290    34.6204   2.890475   1978.000    -0.8300   2.890424    -0.9201    -0.9211     0.0791    -0.0019    5.26730   64.16917    228.866     0.0004     0.0016     0.5440      98.29 1.0000e-12 0.0000e+00    34.6197    1477.52  1037.1134 0.0000e+00
    -0.8287    34.6210   2.890595   1979.000    -0.8298   2.890527    -0.9199    -0.9209     0.0796    -0.0016    5.28076   64.33391    229.450     0.0004    -0.0015     0.5744      98.29 1.0000e-12 0.0000e+00    34.6205    1477.54  1037.1186 0.0000e+00
    -0.8280    34.6212   2.890724   1980.000    -0.8288   2.890691    -0.9192    -0.9200     0.0798    -0.0021    5.28246   64.35590    229.524     0.0004     0.0061     0.5726      98.29 1.0000e-12 0.0000e+00    34.6208    1477.56  1037.1234 0.0000e+00
    -0.8225    34.6232   2.891396   1981.000    -0.8245   2.891230    -0.9138    -0.9159     0.0795    -0.0021    5.28421   64.38763    229.600     0.0004     0.0161     0.5746      98.29 1.0000e-12 0.0000e+00    34.6230    1477.61  1037.1292 0.0000e+00
    -0.8088    34.6249   2.892753   1982.000    -0.8100   2.892679    -0.9004    -0.9016     0.0795    -0.0019    5.26382   64.16318    228.714     0.0004     0.0004     0.5728      98.29 1.0000e-12 0.0000e+00    34.6252    1477.69  1037.1341 0.0000e+00
    -0.8075    34.6253   2.892924   1983.000    -0.8086   2.892858    -0.8993    -0.9003     0.0798    -0.0020    5.28343   64.40446    229.565     0.0004     0.0009     0.5439      98.29 1.0000e-12 0.0000e+00    34.6255    1477.72  1037.1389 0.0000e+00
    -0.8068    34.6253   2.893030   1984.000    -0.8078   2.892975    -0.8986    -0.8996     0.0801    -0.0019    5.27715   64.32919    229.293     0.0004     0.0016     0.5221      98.29 1.0000e-12 0.0000e+00    34.6255    1477.73  1037.1434 0.0000e+00
    -0.8061    34.6257   2.893157   1985.000    -0.8066   2.893170    -0.8980    -0.8984     0.0799    -0.0021    5.26044   64.12686    228.567     0.0004     0.0002     0.5744      98.29 1.0000e-12 0.0000e+00    34.6259    1477.76  1037.1482 0.0000e+00
    -0.8016    34.6263   2.893633   1986.000    -0.8031   2.893536    -0.8936    -0.8950     0.0795    -0.0021    5.23643   63.84204    227.523     0.0004     0.0002     0.5746      98.29 1.0000e-12 0.0000e+00    34.6267    1477.80  1037.1529 0.0000e+00
    -0.8016    34.6263   2.893674   1987.000    -0.8027   2.893609    -0.8936    -0.8948     0.0798    -0.0021    5.24091   63.89673    227.718     0.0004     0.0003     0.5502      98.29 1.0000e-12 0.0000e+00    34.6266    1477.81  1037.1575 0.0000e+00
    -0.8014    34.6265   2.893734   1988.000    -0.8024   2.893685    -0.8936    -0.8945     0.0798    -0.0021    5.24363   63.93027    227.836     0.0004    -0.0011     0.5529      98.29 1.0000e-12 0.0000e+00    34.6267    1477.83  1037.1622 0.0000e+00
    -0.8005    34.6268   2.893875   1989.000    -0.8013   2.893841    -0.8928    -0.8935     0.0794    -0.0017    5.23431   63.81822    227.431     0.0004     0.0003     0.5744      98.29 1.0000e-12 0.0000e+00    34.6271    1477.85  1037.1669 0.0000e+00
    -0.7920    34.6292   2.894834   1990.000    -0.7929   2.894800    -0.8844    -0.8853     0.0789    -0.0022    5.24229   63.93115    227.778     0.0004     0.0002     0.5410      98.29 1.0000e-12 0.0000e+00    34.6297    1477.91  1037.1727 0.0000e+00
    -0.7950    34.6295   2.894625   1991.000    -0.7954   2.894626    -0.8874    -0.8879     0.0791    -0.0025    5.24439   63.95179    227.869     0.0004     0.0149     0.5595      98.29 1.0000e-12 0.0000e+00    34.6298    1477.91  1037.1777 0.0000e+00
    -0.8017    34.6296   2.894090   1992.000    -0.8023   2.894077    -0.8941    -0.8947     0.0792    -0.0027    5.23139   63.78197    227.304     0.0004     0.0068     0.5338      98.29 1.0000e-12 0.0000e+00    34.6296    1477.90  1037.1828 0.0000e+00
    -0.8077    34.6296   2.893611   1993.000    -0.8075   2.893649    -0.9001    -0.8999     0.0790    -0.0028    5.24122   63.89162    227.731     0.0004     0.0009     0.5595      98.29 1.0000e-12 0.0000e+00    34.6295    1477.89  1037.1879 0.0000e+00
    -0.8096    34.6294   2.893471   1994.000    -0.8105   2.893444    -0.9020    -0.9029     0.0791    -0.0025    5.23805   63.84974    227.593     0.0004    -0.0005     0.5390      98.29 1.0000e-12 0.0000e+00    34.6292    1477.90  1037.1924 0.0000e+00
    -0.8120    34.6295   2.893311   1995.000    -0.8134   2.893218    -0.9045    -0.9058     0.0809    -0.0023    5.22551   63.69273    227.048     0.0004    -0.0004     0.5258      98.29 1.0000e-12 0.0000e+00    34.6293    1477.90  1037.1973 0.0000e+00
    -0.8181    34.6290   2.892788   1996.000    -0.8185   2.892810    -0.9105    -0.9109     0.0792    -0.0026    5.24920   63.97095    228.078     0.0004     0.0016     0.5635      98.29 1.0000e-12 0.0000e+00    34.6286    1477.89  1037.2020 0.0000e+00
    -0.8219    34.6293   2.892521   1997.000    -0.8229   2.892473    -0.9143    -0.9153     0.0792    -0.0025    5.25308   64.01198    228.246     0.0004     0.0009     0.5747      98.29 1.0000e-12 0.0000e+00    34.6288    1477.89  1037.2071 0.0000e+00
    -0.8241    34.6289   2.892350   1998.000    -0.8252   2.892298    -0.9165    -0.9176     0.0790    -0.0025    5.24496   63.90912    227.893     0.0004     0.0009     0.5311      98.29 1.0000e-12 0.0000e+00    34.6284    1477.90  1037.2116 0.0000e+00
    -0.8344    34.6286   2.891482   1999.000    -0.8348   2.891479    -0.9267    -0.9271     0.0790    -0.0029    5.26372   64.12014    228.708     0.0004     0.0023     0.5689      98.29 1.0000e-12 0.0000e+00    34.6279    1477.86  1037.2168 0.0000e+00
    -0.8407    34.6289   2.891003   2000.000    -0.8412   2.890985    -0.9330    -0.9335     0.0791    -0.0024    5.26067   64.07234    228.575     0.0004    -0.0005     0.5259      98.29 1.0000e-12 0.0000e+00    34.6281    1477.85  1037.2221 0.0000e+00
    -0.8432    34.6289   2.890837   2001.000    -0.8441   2.890785    -0.9355    -0.9364     0.0788    -0.0029    5.26326   64.09968    228.688     0.0004     0.0004     0.5258      98.29 1.0000e-12 0.0000e+00    34.6281    1477.86  1037.2270 0.0000e+00
    -0.8455    34.6285   2.890659   2002.000    -0.8467   2.890592    -0.9378    -0.9390     0.0791    -0.0024    5.28504   64.36092    229.635     0.0004     0.0010     0.5362      98.29 1.0000e-12 0.0000e+00    34.6278    1477.86  1037.2315 0.0000e+00
    -0.8473    34.6284   2.890537   2003.000    -0.8479   2.890523    -0.9397    -0.9402     0.0791    -0.0030    5.28415   64.34676    229.596     0.0004     0.0023     0.5598      98.29 1.0000e-12 0.0000e+00    34.6277    1477.87  1037.2363 0.0000e+00
    -0.8491    34.6283   2.890423   2004.000    -0.8498   2.890400    -0.9415    -0.9423     0.0791    -0.0017    5.27661   64.25184    229.268     0.0004     0.0008     0.5255      98.29 1.0000e-12 0.0000e+00    34.6277    1477.88  1037.2410 0.0000e+00
    -0.8496    34.6283   2.890430   2005.000    -0.8504   2.890386    -0.9421    -0.9429     0.0791    -0.0025    5.27804   64.26850    229.330     0.0004     0.0008     0.5258      98.29 1.0000e-12 0.0000e+00    34.6277    1477.89  1037.2457 0.0000e+00
    -0.8487    34.6282   2.890546   2006.000    -0.8503   2.890447    -0.9412    -0.9428     0.0791    -0.0023    5.29654   64.49522    230.134     0.0004     0.0009     0.5352      98.29 1.0000e-12 0.0000e+00    34.6277    1477.91  1037.2502 0.0000e+00
    -0.8488    34.6284   2.890590   2007.000    -0.8503   2.890484    -0.9415    -0.9429     0.0790    -0.0026    5.29197   64.43948    229.936     0.0004    -0.0019     0.5741      98.29 1.0000e-12 0.0000e+00    34.6279    1477.93  1037.2550 0.0000e+00
    -0.8532    34.6276   2.890193   2008.000    -0.8570   2.889913    -0.9459    -0.9496     0.0791    -0.0023    5.30707   64.61533    230.592     0.0004     0.0005     0.5535      98.29 1.0000e-12 0.0000e+00    34.6271    1477.93  1037.2593 0.0000e+00
    -0.8554    34.6279   2.890073   2009.000    -0.8575   2.889942    -0.9481    -0.9501     0.0791    -0.0024    5.29158   64.42319    229.919     0.0004    -0.0002     0.5561      98.29 1.0000e-12 0.0000e+00    34.6274    1477.93  1037.2643 0.0000e+00
    -0.8544    34.6283   2.890241   2010.000    -0.8551   2.890205    -0.9471    -0.9478     0.0791    -0.0025    5.28415   64.33470    229.596     0.0004     0.0016     0.5385      98.29 1.0000e-12 0.0000e+00    34.6279    1477.95  1037.2692 0.0000e+00
    -0.8576    34.6275   2.889946   2011.000    -0.8560   2.890170    -0.9503    -0.9488     0.0792    -0.0023    5.28428   64.33039    229.602     0.0004    -0.0006     0.5626      98.29 1.0000e-12 0.0000e+00    34.6271    1477.95  1037.2735 0.0000e+00
    -0.8624    34.6272   2.889554   2012.000    -0.8608   2.889740    -0.9551    -0.9535     0.0791    -0.0029    5.28964   64.38735    229.835     0.0004     0.0023     0.5377      98.29 1.0000e-12 0.0000e+00    34.6267    1477.95  1037.2783 0.0000e+00
    -0.8675    34.6270   2.889135   2013.000    -0.8690   2.889029    -0.9602    -0.9616     0.0811    -0.0024    5.29257   64.41415    229.962     0.0004     0.0008     0.5608      98.29 1.0000e-12 0.0000e+00    34.6264    1477.94  1037.2831 0.0000e+00
    -0.8710    34.6267   2.888856   2014.000    -0.8713   2.888876    -0.9637    -0.9640     0.0794    -0.0026    5.29223   64.40391    229.947     0.0004     0.0016     0.5389      98.29 1.0000e-12 0.0000e+00    34.6260    1477.94  1037.2877 0.0000e+00
    -0.8717    34.6266   2.888843   2015.000    -0.8725   2.888804    -0.9645    -0.9653     0.0794    -0.0023    5.30421   64.54859    230.468     0.0004    -0.0004     0.5602      98.29 1.0000e-12 0.0000e+00    34.6261    1477.96  1037.2924 0.0000e+00
    -0.8723    34.6266   2.888835   2016.000    -0.8736   2.888758    -0.9651    -0.9663     0.0793    -0.0023    5.31021   64.62047    230.728     0.0004    -0.0023     0.5728      98.29 1.0000e-12 0.0000e+00    34.6261    1477.97  1037.2971 0.0000e+00
