tests/dstn009.cnv
* Sea-Bird SBE 9 Data File:
* FileName = C:\CTD Data\AGU035_SANAE_Dec2019\stn009.hex
* Software Version Seasave V 7.22.5
* Temperature SN = 5966
* Conductivity SN = 4551
* Number of Bytes Per Scan = 40
* Number of Voltage Words = 5
* Number of Scans Averaged by the Deck Unit = 1
* NMEA Latitude = 63 26.10 S
* NMEA Longitude = 051 05.06 W
* NMEA UTC (Time) = Jan 09 2019 01:49:58
* NMEA baud rate = 4800
** Ship: SA Agulhas II
** Cruise: AGU035
** Ship Station: AM00972
** Grid number: VOY-035-010
** Latitude: 63° 26.100'S
** Longitude: 51° 05.060'W
** Bottom depth (m): 2180.00
** Operator: Tahlia & Harry
# nquan = 23
# nvalues = 2154                        
# units = specified
# name 0 = t090C: Temperature [ITS-90, deg C]
# name 1 = sal00: Salinity, Practical [PSU]
# name 2 = c0S/m: Conductivity [S/m]
# name 3 = prDM: Pressure, Digiquartz [db]
# name 4 = t190C: Temperature, 2 [ITS-90, deg C]
# name 5 = c1S/m: Conductivity, 2 [S/m]
# name 6 = potemp090C: Potential Temperature [ITS-90, deg C]
# name 7 = potemp190C: Potential Temperature, 2 [ITS-90, deg C]
# name 8 = CStarAt0: Beam Attenuation, WET Labs C-Star [1/m]
# name 9 = CStarAt1: Beam Attenuation, WET Labs C-Star, 2 [1/m]
# name 10 = sbeox0ML/L: Oxygen, SBE 43 [ml/l]
# name 11 = sbeox0PS: Oxygen, SBE 43 [% saturation]
# name 12 = sbeox0Mm/Kg: Oxygen, SBE 43 [umol/kg]
# name 13 = turbWETbb0: Turbidity, WET Labs ECO BB [m^-1/sr]
# name 14 = flECO-AFL: Fluorescence, WET Labs ECO-AFL/FL [mg/m^3]
# name 15 = turbWETntu0: Turbidity, WET Labs ECO [NTU]
# name 16 = altM: Altimeter [m]
# name 17 = par: PAR/Irradiance, Biospherical/Licor
# name 18 = spar: SPAR/Surface Irradiance
# name 19 = sal00: Salinity, Practical [PSU]
# name 20 = svCM: Sound Velocity [Chen-Millero, m/s]
# name 21 = density00: Density [density, kg/m^3]
# name 22 = flag: flag
# span 0 =    -1.8232,     0.7512       
# span 1 =    33.7633,    34.6861       
# span 2 =   2.709833,   2.970013       
# span 3 =      2.000,   2155.000       
# span 4 =    -1.8242,     0.7503       
# span 5 =   2.709818,   2.969944       
# span 6 =    -1.8254,     0.7259       
# span 7 =    -1.8264,     0.7250       
# span 8 =     0.0661,     0.3607       
# span 9 =    -0.0145,     0.2384       
# span 10 =    4.04414,    7.18350      
# span 11 =   51.32946,   87.49212      
# span 12 =    175.724,    312.340      
# span 13 =     0.0004,     0.0006      
# span 14 =    -0.0337,     1.1874      
# span 15 =     0.4868,     0.6556      
# span 16 =      10.91,      98.39      
# span 17 = 1.0000e-12, 1.0000e-12      
# span 18 = 0.0000e+00, 0.0000e+00      
# span 19 =    33.7632,    34.6859      
# span 20 =    1441.34,    1479.06      
# span 21 =  1027.1457,  1037.9504      
# span 22 = 0.0000e+00, 0.0000e+00      
# interval = decibars: 1                
# start_time = Jan 09 2019 01:49:58 [NMEA time, header]
# bad_flag = -9.990e-29
*END*
[from data line 2016]
    -0.8722    34.6263   2.888912   2018.000    -0.8732   2.888861    -0.9652    -0.9662     0.0794    -0.0023    5.32206   64.76475    231.243     0.0004    -0.0011     0.6159      98.29 1.0000e-12 0.0000e+00    34.6260    1478.00  1037.3061 0.0000e+00
    -0.8739    34.6262   2.888795   2019.000    -0.8753   2.888710    -0.9669    -0.9682     0.0807    -0.0023    5.31971   64.73310    231.141     0.0004    -0.0002     0.5322      98.29 1.0000e-12 0.0000e+00    34.6258    1478.01  1037.3108 0.0000e+00
    -0.8775    34.6257   2.888491   2020.000    -0.8793   2.888367    -0.9705    -0.9723     0.0799    -0.0013    5.30572   64.55651    230.533     0.0004     0.0011     0.5588      98.29 1.0000e-12 0.0000e+00    34.6253    1478.01  1037.3153 0.0000e+00
    -0.8828    34.6260   2.888097   2021.000    -0.8839   2.888036    -0.9758    -0.9768     0.0798    -0.0023    5.31055   64.60624    230.743     0.0004     0.0003     0.5450      98.29 1.0000e-12 0.0000e+00    34.6254    1478.00  1037.3206 0.0000e+00
    -0.8815    34.6258   2.888243   2022.000    -0.8830   2.888144    -0.9746    -0.9760     0.0795    -0.0022    5.30882   64.58744    230.668     0.0004     0.0000     0.5543      98.29 1.0000e-12 0.0000e+00    34.6254    1478.02  1037.3250 0.0000e+00
    -0.8829    34.6257   2.888158   2023.000    -0.8846   2.888044    -0.9760    -0.9777     0.0797    -0.0020    5.31741   64.68945    231.041     0.0004     0.0015     0.5426      98.29 1.0000e-12 0.0000e+00    34.6253    1478.03  1037.3296 0.0000e+00
    -0.8840    34.6256   2.888105   2024.000    -0.8848   2.888074    -0.9771    -0.9779     0.0800    -0.0021    5.32232   64.74739    231.255     0.0004     0.0015     0.5709      98.29 1.0000e-12 0.0000e+00    34.6253    1478.05  1037.3343 0.0000e+00
    -0.8850    34.6252   2.888035   2025.000    -0.8858   2.888011    -0.9781    -0.9790     0.0799    -0.0021    5.33307   64.87630    231.722     0.0004     0.0003     0.5603      98.29 1.0000e-12 0.0000e+00    34.6249    1478.06  1037.3386 0.0000e+00
    -0.8900    34.6252   2.887640   2026.000    -0.8905   2.887632    -0.9832    -0.9837     0.0801    -0.0019    5.32098   64.72047    231.196     0.0004     0.0023     0.5445      98.29 1.0000e-12 0.0000e+00    34.6247    1478.05  1037.3436 0.0000e+00
    -0.8923    34.6250   2.887479   2027.000    -0.8935   2.887412    -0.9854    -0.9867     0.0800    -0.0020    5.32368   64.74938    231.314     0.0004     0.0017     0.5477      98.29 1.0000e-12 0.0000e+00    34.6246    1478.06  1037.3483 0.0000e+00
    -0.8941    34.6250   2.887366   2028.000    -0.8952   2.887301    -0.9873    -0.9884     0.0804    -0.0019    5.31966   64.69744    231.139     0.0004     0.0016     0.5554      98.29 1.0000e-12 0.0000e+00    34.6246    1478.07  1037.3530 0.0000e+00
    -0.8963    34.6248   2.887204   2029.000    -0.8972   2.887165    -0.9895    -0.9904     0.0801    -0.0017    5.32421   64.74886    231.337     0.0004     0.0023     0.5422      98.29 1.0000e-12 0.0000e+00    34.6244    1478.07  1037.3577 0.0000e+00
    -0.8972    34.6248   2.887166   2030.000    -0.8982   2.887113    -0.9905    -0.9915     0.0802    -0.0018    5.32550   64.76295    231.393     0.0004    -0.0005     0.5615      98.29 1.0000e-12 0.0000e+00    34.6243    1478.09  1037.3624 0.0000e+00
    -0.8981    34.6247   2.887125   2031.000    -0.8990   2.887088    -0.9914    -0.9923     0.0803    -0.0015    5.33706   64.90197    231.895     0.0004     0.0159     0.5729      98.29 1.0000e-12 0.0000e+00    34.6243    1478.10  1037.3670 0.0000e+00
    -0.9007    34.6246   2.886937   2032.000    -0.9015   2.886907    -0.9941    -0.9948     0.0804    -0.0012    5.32731   64.77887    231.472     0.0004     0.0051     0.5369      98.29 1.0000e-12 0.0000e+00    34.6242    1478.10  1037.3717 0.0000e+00
    -0.9009    34.6246   2.886970   2033.000    -0.9017   2.886933    -0.9943    -0.9951     0.0810    -0.0017    5.32441   64.74325    231.345     0.0004    -0.0006     0.5627      98.29 1.0000e-12 0.0000e+00    34.6242    1478.12  1037.3764 0.0000e+00
    -0.9004    34.6246   2.887056   2034.000    -0.9012   2.887019    -0.9938    -0.9947     0.0811    -0.0012    5.32220   64.71725    231.249     0.0004    -0.0005     0.5727      98.29 1.0000e-12 0.0000e+00    34.6243    1478.14  1037.3810 0.0000e+00
    -0.9010    34.6245   2.887035   2035.000    -0.9027   2.886909    -0.9946    -0.9962     0.0807    -0.0016    5.32900   64.79877    231.545     0.0004     0.0017     0.5746      98.29 1.0000e-12 0.0000e+00    34.6242    1478.15  1037.3856 0.0000e+00
    -0.9024    34.6244   2.886954   2036.000    -0.9037   2.886876    -0.9960    -0.9973     0.0804    -0.0010    5.33417   64.85933    231.770     0.0004     0.0040     0.5276      98.29 1.0000e-12 0.0000e+00    34.6241    1478.16  1037.3902 0.0000e+00
    -0.9024    34.6246   2.887007   2037.000    -0.9036   2.886929    -0.9961    -0.9972     0.0807    -0.0004    5.34391   64.97773    232.193     0.0004     0.0147     0.5258      98.29 1.0000e-12 0.0000e+00    34.6243    1478.18  1037.3950 0.0000e+00
    -0.9023    34.6244   2.887048   2038.000    -0.9033   2.886993    -0.9960    -0.9970     0.0809    -0.0011    5.33334   64.84935    231.733     0.0004     0.0021     0.5416      98.29 1.0000e-12 0.0000e+00    34.6242    1478.20  1037.3994 0.0000e+00
    -0.9040    34.6242   2.886934   2039.000    -0.9048   2.886889    -0.9977    -0.9986     0.0812    -0.0012    5.33638   64.88332    231.865     0.0004     0.0015     0.5613      98.29 1.0000e-12 0.0000e+00    34.6240    1478.21  1037.4041 0.0000e+00
    -0.9063    34.6240   2.886758   2040.000    -0.9072   2.886722    -1.0001    -1.0010     0.0813    -0.0010    5.33654   64.88120    231.872     0.0004     0.0023     0.5257      98.29 1.0000e-12 0.0000e+00    34.6238    1478.21  1037.4087 0.0000e+00
    -0.9086    34.6240   2.886596   2041.000    -0.9092   2.886583    -1.0024    -1.0030     0.0809    -0.0014    5.33615   64.87239    231.855     0.0004     0.0023     0.5258      98.29 1.0000e-12 0.0000e+00    34.6237    1478.22  1037.4134 0.0000e+00
    -0.9122    34.6237   2.886300   2042.000    -0.9133   2.886246    -1.0061    -1.0071     0.0809    -0.0012    5.33751   64.88261    231.915     0.0004     0.0023     0.5258      98.29 1.0000e-12 0.0000e+00    34.6233    1478.22  1037.4180 0.0000e+00
    -0.9161    34.6237   2.886009   2043.000    -0.9170   2.885967    -1.0099    -1.0108     0.0809    -0.0010    5.33893   64.89310    231.976     0.0004     0.0012     0.5746      98.29 1.0000e-12 0.0000e+00    34.6232    1478.21  1037.4230 0.0000e+00
    -0.9191    34.6233   2.885772   2044.000    -0.9202   2.885714    -1.0129    -1.0140     0.0812    -0.0010    5.33907   64.88959    231.982     0.0004     0.0006     0.5746      98.29 1.0000e-12 0.0000e+00    34.6228    1478.22  1037.4275 0.0000e+00
    -0.9209    34.6232   2.885655   2045.000    -0.9219   2.885599    -1.0147    -1.0158     0.0810    -0.0010    5.34209   64.92311    232.114     0.0004     0.0023     0.5729      98.29 1.0000e-12 0.0000e+00    34.6228    1478.23  1037.4322 0.0000e+00
    -0.9275    34.6226   2.885077   2046.000    -0.9285   2.885034    -1.0214    -1.0223     0.0813    -0.0010    5.34346   64.92806    232.173     0.0004     0.0023     0.5728      98.29 1.0000e-12 0.0000e+00    34.6220    1478.21  1037.4369 0.0000e+00
    -0.9300    34.6226   2.884912   2047.000    -0.9313   2.884832    -1.0239    -1.0251     0.0813    -0.0012    5.34592   64.95371    232.280     0.0004     0.0016     0.5746      98.29 1.0000e-12 0.0000e+00    34.6221    1478.22  1037.4418 0.0000e+00
    -0.9401    34.6214   2.883992   2048.000    -0.9404   2.884002    -1.0338    -1.0342     0.0813    -0.0010    5.34892   64.97219    232.411     0.0004     0.0016     0.5340      98.29 1.0000e-12 0.0000e+00    34.6206    1478.18  1037.4462 0.0000e+00
    -0.9437    34.6217   2.883745   2049.000    -0.9450   2.883684    -1.0375    -1.0387     0.0811    -0.0009    5.35606   65.05274    232.721     0.0004     0.0023     0.5641      98.29 1.0000e-12 0.0000e+00    34.6208    1478.18  1037.4513 0.0000e+00
    -0.9440    34.6220   2.883788   2050.000    -0.9445   2.883779    -1.0378    -1.0383     0.0813     0.0005    5.36351   65.14288    233.045     0.0004    -0.0007     0.5746      98.29 1.0000e-12 0.0000e+00    34.6212    1478.20  1037.4562 0.0000e+00
    -0.9456    34.6211   2.883639   2051.000    -0.9470   2.883532    -1.0394    -1.0408     0.0815    -0.0000    5.37154   65.23731    233.393     0.0004     0.0128     0.5424      98.29 1.0000e-12 0.0000e+00    34.6204    1478.21  1037.4603 0.0000e+00
    -0.9607    34.6196   2.882261   2052.000    -0.9629   2.882144    -1.0543    -1.0565     0.0818    -0.0001    5.36679   65.15275    233.187     0.0004     0.0097     0.5261      98.29 1.0000e-12 0.0000e+00    34.6185    1478.15  1037.4649 0.0000e+00
    -0.9674    34.6205   2.881804   2053.000    -0.9686   2.881734    -1.0610    -1.0622     0.0818    -0.0004    5.36470   65.11625    233.096     0.0004     0.0018     0.5567      98.29 1.0000e-12 0.0000e+00    34.6194    1478.14  1037.4708 0.0000e+00
    -0.9696    34.6204   2.881652   2054.000    -0.9707   2.881601    -1.0633    -1.0643     0.0821    -0.0001    5.36468   65.11200    233.095     0.0004     0.0007     0.5374      98.29 1.0000e-12 0.0000e+00    34.6193    1478.14  1037.4756 0.0000e+00
    -0.9726    34.6206   2.881471   2055.000    -0.9735   2.881435    -1.0662    -1.0671     0.0822     0.0000    5.39175   65.43550    234.271     0.0004    -0.0003     0.5398      98.29 1.0000e-12 0.0000e+00    34.6197    1478.15  1037.4808 0.0000e+00
    -0.9741    34.6207   2.881400   2056.000    -0.9749   2.881359    -1.0678    -1.0686     0.0828     0.0003    5.38832   65.39134    234.122     0.0004     0.0017     0.5513      98.29 1.0000e-12 0.0000e+00    34.6199    1478.16  1037.4857 0.0000e+00
    -0.9746    34.6209   2.881418   2057.000    -0.9762   2.881313    -1.0684    -1.0699     0.0825     0.0007    5.40692   65.61625    234.931     0.0004     0.0023     0.5532      98.29 1.0000e-12 0.0000e+00    34.6202    1478.17  1037.4906 0.0000e+00
    -0.9740    34.6208   2.881518   2058.000    -0.9755   2.881425    -1.0678    -1.0693     0.0831     0.0001    5.41204   65.67954    235.153     0.0004    -0.0002     0.5749      98.29 1.0000e-12 0.0000e+00    34.6203    1478.19  1037.4951 0.0000e+00
    -0.9736    34.6209   2.881599   2059.000    -0.9746   2.881545    -1.0675    -1.0685     0.0831     0.0009    5.41417   65.70600    235.245     0.0004     0.0015     0.5746      98.30 1.0000e-12 0.0000e+00    34.6204    1478.21  1037.4998 0.0000e+00
    -0.9735    34.6208   2.881651   2060.000    -0.9744   2.881600    -1.0674    -1.0684     0.0832     0.0001    5.41471   65.71278    235.269     0.0004     0.0014     0.5676      98.29 1.0000e-12 0.0000e+00    34.6204    1478.23  1037.5044 0.0000e+00
    -0.9745    34.6208   2.881597   2061.000    -0.9756   2.881548    -1.0685    -1.0696     0.0834     0.0008    5.40981   65.65135    235.056     0.0004    -0.0013     0.5281      98.29 1.0000e-12 0.0000e+00    34.6204    1478.24  1037.5090 0.0000e+00
    -0.9779    34.6205   2.881326   2062.000    -0.9786   2.881317    -1.0720    -1.0726     0.0835     0.0007    5.39625   65.48073    234.467     0.0004     0.0003     0.5735      98.30 1.0000e-12 0.0000e+00    34.6201    1478.24  1037.5137 0.0000e+00
    -0.9820    34.6205   2.881016   2063.000    -0.9831   2.880966    -1.0760    -1.0771     0.0836     0.0010    5.39854   65.50147    234.566     0.0004     0.0012     0.5570      98.29 1.0000e-12 0.0000e+00    34.6199    1478.24  1037.5186 0.0000e+00
    -0.9935    34.6193   2.879975   2064.000    -0.9967   2.879726    -1.0874    -1.0906     0.0838     0.0011    5.38797   65.35260    234.107     0.0004     0.0017     0.5539      98.30 1.0000e-12 0.0000e+00    34.6185    1478.20  1037.5232 0.0000e+00
    -1.0073    34.6196   2.878859   2065.000    -1.0094   2.878710    -1.1010    -1.1031     0.0839     0.0010    5.40085   65.48513    234.667     0.0004    -0.0002     0.5746      98.29 1.0000e-12 0.0000e+00    34.6185    1478.15  1037.5291 0.0000e+00
    -1.0121    34.6188   2.878439   2066.000    -1.0141   2.878309    -1.1058    -1.1078     0.0839     0.0010    5.41466   65.64372    235.267     0.0004     0.0002     0.5746      98.30 1.0000e-12 0.0000e+00    34.6178    1478.14  1037.5336 0.0000e+00
    -1.0159    34.6186   2.878139   2067.000    -1.0175   2.878053    -1.1096    -1.1112     0.0840     0.0012    5.42524   65.76525    235.727     0.0004     0.0023     0.5726      98.30 1.0000e-12 0.0000e+00    34.6175    1478.14  1037.5383 0.0000e+00
    -1.0167    34.6187   2.878129   2068.000    -1.0174   2.878113    -1.1105    -1.1112     0.0844     0.0010    5.41797   65.67580    235.411     0.0004     0.0175     0.5725      98.30 1.0000e-12 0.0000e+00    34.6177    1478.16  1037.5432 0.0000e+00
    -1.0171    34.6185   2.878128   2069.000    -1.0177   2.878123    -1.1110    -1.1115     0.0839     0.0011    5.41769   65.67157    235.399     0.0004     0.0037     0.5746      96.88 1.0000e-12 0.0000e+00    34.6177    1478.17  1037.5478 0.0000e+00
    -1.0180    34.6185   2.878106   2070.000    -1.0190   2.878047    -1.1118    -1.1128     0.0843     0.0013    5.43038   65.82387    235.950     0.0004    -0.0012     0.5746      97.32 1.0000e-12 0.0000e+00    34.6178    1478.18  1037.5525 0.0000e+00
    -1.0209    34.6181   2.877863   2071.000    -1.0221   2.877795    -1.1148    -1.1159     0.0840     0.0012    5.43340   65.85509    236.081     0.0004    -0.0009     0.5729      98.30 1.0000e-12 0.0000e+00    34.6173    1478.19  1037.5570 0.0000e+00
    -1.0382    34.6165   2.876300   2072.000    -1.0406   2.876122    -1.1318    -1.1342     0.0843     0.0019    5.43799   65.87982    236.281     0.0004     0.0005     0.5714      98.30 1.0000e-12 0.0000e+00    34.6153    1478.12  1037.5617 0.0000e+00
    -1.0548    34.6170   2.874956   2073.000    -1.0552   2.874966    -1.1482    -1.1486     0.0851     0.0022    5.44142   65.89244    236.430     0.0004    -0.0011     0.5728      98.30 1.0000e-12 0.0000e+00    34.6155    1478.06  1037.5681 0.0000e+00
    -1.0554    34.6173   2.874975   2074.000    -1.0566   2.874930    -1.1489    -1.1500     0.0852     0.0022    5.42794   65.72817    235.844     0.0004    -0.0093     0.5801      94.06 1.0000e-12 0.0000e+00    34.6159    1478.07  1037.5731 0.0000e+00
    -1.0566    34.6163   2.874865   2075.000    -1.0580   2.874781    -1.1502    -1.1515     0.0851     0.0020    5.44197   65.89555    236.454     0.0004    -0.0018     0.5997      97.95 1.0000e-12 0.0000e+00    34.6152    1478.08  1037.5773 0.0000e+00
    -1.0683    34.6148   2.873774   2076.000    -1.0718   2.873482    -1.1617    -1.1652     0.0850     0.0025    5.46739   66.18206    237.558     0.0004     0.0016     0.5372      98.30 1.0000e-12 0.0000e+00    34.6133    1478.04  1037.5814 0.0000e+00
    -1.0839    34.6138   2.872422   2077.000    -1.0850   2.872366    -1.1770    -1.1781     0.0853     0.0026    5.48271   66.33958    238.224     0.0005     0.0003     0.5746      98.31 1.0000e-12 0.0000e+00    34.6121    1477.98  1037.5866 0.0000e+00
    -1.0938    34.6131   2.871567   2078.000    -1.0943   2.871568    -1.1869    -1.1874     0.0854     0.0021    5.46652   66.12589    237.521     0.0004    -0.0109     0.5746      91.22 1.0000e-12 0.0000e+00    34.6113    1477.95  1037.5915 0.0000e+00
    -1.1006    34.6138   2.871091   2079.000    -1.1020   2.871007    -1.1936    -1.1950     0.0854     0.0021    5.48384   66.32372    238.273     0.0004     0.0010     0.5595      98.36 1.0000e-12 0.0000e+00    34.6121    1477.94  1037.5974 0.0000e+00
