tests/dstn009.cnv
* Sea-Bird SBE 9 Data File:
* FileName = C:\CTD Data\AGU035_SANAE_Dec2019\stn009.hex
* Software Version Seasave V 7.22.5
* Temperature SN = 5966
* Conductivity SN = 4551
* Number of Bytes Per Scan = 40
* Number of Voltage Words = 5
* Number of Scans Averaged by the Deck Unit = 1
* NMEA Latitude = 63 26.10 S
* NMEA Longitude = 051 05.06 W
* NMEA UTC (Time) = Jan 09 2019 01:49:58
* NMEA baud rate = 4800
** Ship: SA Agulhas II
** Cruise: AGU035
** Ship Station: AM00972
** Grid number: VOY-035-010
** Latitude: 63° 26.100'S
** Longitude: 51° 05.060'W
** Bottom depth (m): 2180.00
** Operator: Tahlia & Harry
# nquan = 23
# nvalues = 2154                        
# units = specified
# name 0 = t090C: Temperature [ITS-90, deg C]
# name 1 = sal00: Salinity, Practical [PSU]
# name 2 = c0S/m: Conductivity [S/m]
# name 3 = prDM: Pressure, Digiquartz [db]
# name 4 = t190C: Temperature, 2 [ITS-90, deg C]
# name 5 = c1S/m: Conductivity, 2 [S/m]
# name 6 = potemp090C: Potential Temperature [ITS-90, deg C]
# name 7 = potemp190C: Potential Temperature, 2 [ITS-90, deg C]
# name 8 = CStarAt0: Beam Attenuation, WET Labs C-Star [1/m]
# name 9 = CStarAt1: Beam Attenuation, WET Labs C-Star, 2 [1/m]
# name 10 = sbeox0ML/L: Oxygen, SBE 43 [ml/l]
# name 11 = sbeox0PS: Oxygen, SBE 43 [% saturation]
# name 12 = sbeox0Mm/Kg: Oxygen, SBE 43 [umol/kg]
# name 13 = turbWETbb0: Turbidity, WET Labs ECO BB [m^-1/sr]
# name 14 = flECO-AFL: Fluorescence, WET Labs ECO-AFL/FL [mg/m^3]
# name 15 = turbWETntu0: Turbidity, WET Labs ECO [NTU]
# name 16 = altM: Altimeter [m]
# name 17 = par: PAR/Irradiance, Biospherical/Licor
# name 18 = spar: SPAR/Surface Irradiance
# name 19 = sal00: Salinity, Practical [PSU]
# name 20 = svCM: Sound Velocity [Chen-Millero, m/s]
# name 21 = density00: Density [density, kg/m^3]
# name 22 = flag: flag
# span 0 =    -1.8232,     0.7512       
# span 1 =    33.7633,    34.6861       
# span 2 =   2.709833,   2.970013       
# span 3 =      2.000,   2155.000       
# span 4 =    -1.8242,     0.7503       
# span 5 =   2.709818,   2.969944       
# span 6 =    -1.8254,     0.7259       
# span 7 =    -1.8264,     0.7250       
# span 8 =     0.0661,     0.3607       
# span 9 =    -0.0145,     0.2384       
# span 10 =    4.04414,    7.18350      
# span 11 =   51.32946,   87.49212      
# span 12 =    175.724,    312.340      
# span 13 =     0.0004,     0.0006      
# span 14 =    -0.0337,     1.1874      
# span 15 =     0.4868,     0.6556      
# span 16 =      10.91,      98.39      
# span 17 = 1.0000e-12, 1.0000e-12      
# span 18 = 0.0000e+00, 0.0000e+00      
# span 19 =    33.7632,    34.6859      
# span 20 =    1441.34,    1479.06      
# span 21 =  1027.1457,  1037.9504      
# span 22 = 0.0000e+00, 0.0000e+00      
# interval = decibars: 1                
# start_time = Jan 09 2019 01:49:58 [NMEA time, header]
# bad_flag = -9.990e-29
*END*
[from data line 882]
     0.4713    34.6801   2.959698    884.000     0.4702   2.959629     0.4297     0.4286     0.0686    -0.0115    4.18501   52.77144    181.843     0.0004     0.0017     0.5408      97.66 1.0000e-12 0.0000e+00    34.6798    1465.35  1031.9826 0.0000e+00
     0.4711    34.6800   2.959721    885.000     0.4702   2.959667     0.4295     0.4286     0.0693    -0.0114    4.18519   52.77350    181.851     0.0004     0.0089     0.5556      97.66 1.0000e-12 0.0000e+00    34.6797    1465.37  1031.9872 0.0000e+00
     0.4699    34.6801   2.959668    886.000     0.4690   2.959608     0.4282     0.4273     0.0687    -0.0114    4.18506   52.77026    181.845     0.0004     0.0195     0.5270      97.66 1.0000e-12 0.0000e+00    34.6799    1465.38  1031.9920 0.0000e+00
     0.4694    34.6802   2.959676    887.000     0.4685   2.959608     0.4277     0.4268     0.0697    -0.0113    4.19461   52.89233    182.268     0.0004     0.0199     0.5258      97.66 1.0000e-12 0.0000e+00    34.6799    1465.39  1031.9968 0.0000e+00
     0.4691    34.6799   2.959679    888.000     0.4677   2.959581     0.4273     0.4259     0.0689    -0.0113    4.20081   52.96769    182.530     0.0004     0.0094     0.5258      97.66 1.0000e-12 0.0000e+00    34.6797    1465.40  1032.0013 0.0000e+00
     0.4695    34.6801   2.959763    889.000     0.4687   2.959723     0.4276     0.4269     0.0687    -0.0114    4.19738   52.92498    182.381     0.0004     0.0010     0.5555      97.66 1.0000e-12 0.0000e+00    34.6799    1465.42  1032.0061 0.0000e+00
     0.4698    34.6799   2.959831    890.000     0.4685   2.959748     0.4279     0.4266     0.0688    -0.0110    4.19139   52.84992    182.120     0.0004     0.0003     0.5745      97.66 1.0000e-12 0.0000e+00    34.6798    1465.44  1032.0106 0.0000e+00
     0.4697    34.6799   2.959858    891.000     0.4686   2.959788     0.4277     0.4266     0.0686    -0.0109    4.19275   52.86683    182.179     0.0004     0.0016     0.5746      97.66 1.0000e-12 0.0000e+00    34.6798    1465.46  1032.0153 0.0000e+00
     0.4697    34.6800   2.959914    892.000     0.4687   2.959849     0.4277     0.4267     0.0687    -0.0107    4.18685   52.79239    181.923     0.0004     0.0001     0.5415      97.66 1.0000e-12 0.0000e+00    34.6799    1465.47  1032.0201 0.0000e+00
     0.4676    34.6797   2.959750    893.000     0.4662   2.959666     0.4255     0.4241     0.0687    -0.0113    4.18391   52.75239    181.795     0.0004     0.0016     0.5259      97.66 1.0000e-12 0.0000e+00    34.6795    1465.48  1032.0246 0.0000e+00
     0.4663    34.6801   2.959711    894.000     0.4653   2.959649     0.4242     0.4232     0.0685    -0.0114    4.18649   52.78335    181.907     0.0004     0.0003     0.5258      97.66 1.0000e-12 0.0000e+00    34.6799    1465.49  1032.0297 0.0000e+00
     0.4663    34.6801   2.959759    895.000     0.4653   2.959690     0.4241     0.4232     0.0685    -0.0115    4.18813   52.80395    181.978     0.0004     0.0010     0.5258      97.66 1.0000e-12 0.0000e+00    34.6800    1465.51  1032.0344 0.0000e+00
     0.4663    34.6800   2.959799    896.000     0.4653   2.959735     0.4241     0.4231     0.0686    -0.0100    4.18953   52.82159    182.039     0.0004     0.0017     0.5678      97.66 1.0000e-12 0.0000e+00    34.6799    1465.52  1032.0390 0.0000e+00
     0.4662    34.6800   2.959836    897.000     0.4652   2.959764     0.4239     0.4229     0.0689    -0.0107    4.19144   52.84559    182.122     0.0004     0.0208     0.5254      97.66 1.0000e-12 0.0000e+00    34.6799    1465.54  1032.0437 0.0000e+00
     0.4658    34.6800   2.959843    898.000     0.4649   2.959781     0.4235     0.4226     0.0692    -0.0110    4.18835   52.80611    181.988     0.0004     0.0273     0.5749      97.66 1.0000e-12 0.0000e+00    34.6799    1465.56  1032.0483 0.0000e+00
     0.4662    34.6801   2.959934    899.000     0.4652   2.959869     0.4238     0.4228     0.0692    -0.0113    4.18381   52.74949    181.791     0.0004     0.0200     0.5286      97.66 1.0000e-12 0.0000e+00    34.6800    1465.57  1032.0531 0.0000e+00
     0.4667    34.6802   2.960029    900.000     0.4658   2.959968     0.4242     0.4234     0.0688    -0.0109    4.17705   52.66483    181.497     0.0004     0.0026     0.5258      97.66 1.0000e-12 0.0000e+00    34.6802    1465.59  1032.0578 0.0000e+00
     0.4671    34.6802   2.960107    901.000     0.4662   2.960047     0.4246     0.4237     0.0690    -0.0109    4.18529   52.76932    181.855     0.0004     0.0174     0.5661      97.66 1.0000e-12 0.0000e+00    34.6802    1465.61  1032.0624 0.0000e+00
     0.4672    34.6801   2.960151    902.000     0.4661   2.960087     0.4246     0.4236     0.0689    -0.0111    4.18325   52.74363    181.766     0.0004    -0.0002     0.5256      97.66 1.0000e-12 0.0000e+00    34.6801    1465.63  1032.0670 0.0000e+00
     0.4659    34.6800   2.960069    903.000     0.4647   2.959998     0.4233     0.4221     0.0686    -0.0108    4.17117   52.58951    181.241     0.0004     0.0009     0.5258      97.66 1.0000e-12 0.0000e+00    34.6799    1465.64  1032.0716 0.0000e+00
     0.4661    34.6802   2.960151    904.000     0.4651   2.960085     0.4235     0.4225     0.0686    -0.0115    4.18279   52.73645    181.746     0.0004     0.0053     0.5258      97.66 1.0000e-12 0.0000e+00    34.6801    1465.66  1032.0765 0.0000e+00
     0.4664    34.6801   2.960210    905.000     0.4652   2.960131     0.4237     0.4225     0.0692    -0.0114    4.17326   52.61661    181.332     0.0004     0.0132     0.5258      97.66 1.0000e-12 0.0000e+00    34.6801    1465.67  1032.0810 0.0000e+00
     0.4659    34.6801   2.960219    906.000     0.4650   2.960153     0.4232     0.4223     0.0688    -0.0112    4.17043   52.58041    181.209     0.0004     0.0024     0.5389      97.66 1.0000e-12 0.0000e+00    34.6801    1465.69  1032.0858 0.0000e+00
     0.4650    34.6799   2.960160    907.000     0.4643   2.960142     0.4222     0.4215     0.0686    -0.0114    4.18026   52.70292    181.637     0.0004     0.0069     0.5749      97.66 1.0000e-12 0.0000e+00    34.6798    1465.70  1032.0903 0.0000e+00
     0.4641    34.6798   2.960121    908.000     0.4635   2.960100     0.4212     0.4207     0.0686    -0.0113    4.18373   52.74542    181.787     0.0004     0.0128     0.5517      97.66 1.0000e-12 0.0000e+00    34.6798    1465.71  1032.0950 0.0000e+00
     0.4628    34.6800   2.960062    909.000     0.4618   2.959990     0.4199     0.4189     0.0686    -0.0111    4.18248   52.72795    181.733     0.0004     0.0107     0.5276      97.66 1.0000e-12 0.0000e+00    34.6799    1465.72  1032.0998 0.0000e+00
     0.4623    34.6799   2.960060    910.000     0.4613   2.959997     0.4193     0.4184     0.0692    -0.0114    4.18713   52.78592    181.935     0.0004     0.0183     0.5482      97.66 1.0000e-12 0.0000e+00    34.6798    1465.74  1032.1045 0.0000e+00
     0.4619    34.6799   2.960068    911.000     0.4610   2.960011     0.4189     0.4180     0.0693    -0.0114    4.17605   52.64568    181.454     0.0004     0.0122     0.5543      97.66 1.0000e-12 0.0000e+00    34.6798    1465.75  1032.1092 0.0000e+00
     0.4621    34.6799   2.960134    912.000     0.4610   2.960058     0.4190     0.4180     0.0689    -0.0112    4.18617   52.77356    181.893     0.0004    -0.0005     0.5259      97.66 1.0000e-12 0.0000e+00    34.6798    1465.77  1032.1139 0.0000e+00
     0.4626    34.6800   2.960230    913.000     0.4616   2.960164     0.4195     0.4185     0.0692    -0.0101    4.18429   52.75057    181.812     0.0004     0.0093     0.5155      97.66 1.0000e-12 0.0000e+00    34.6800    1465.79  1032.1186 0.0000e+00
     0.4623    34.6798   2.960236    914.000     0.4614   2.960183     0.4192     0.4182     0.0685    -0.0113    4.19503   52.88547    182.278     0.0004     0.0072     0.5144      97.66 1.0000e-12 0.0000e+00    34.6798    1465.80  1032.1231 0.0000e+00
     0.4624    34.6799   2.960296    915.000     0.4613   2.960221     0.4192     0.4181     0.0693    -0.0113    4.18714   52.78623    181.936     0.0004     0.0157     0.5258      97.66 1.0000e-12 0.0000e+00    34.6799    1465.82  1032.1279 0.0000e+00
     0.4623    34.6800   2.960335    916.000     0.4614   2.960275     0.4190     0.4181     0.0692    -0.0114    4.19212   52.84888    182.152     0.0004     0.0030     0.5258      97.66 1.0000e-12 0.0000e+00    34.6800    1465.84  1032.1326 0.0000e+00
     0.4622    34.6800   2.960373    917.000     0.4613   2.960315     0.4189     0.4180     0.0686    -0.0106    4.18038   52.70075    181.642     0.0004     0.0191     0.5742      97.66 1.0000e-12 0.0000e+00    34.6800    1465.85  1032.1372 0.0000e+00
     0.4625    34.6801   2.960443    918.000     0.4615   2.960374     0.4191     0.4181     0.0686    -0.0107    4.17881   52.68131    181.574     0.0004     0.0008     0.5258      97.66 1.0000e-12 0.0000e+00    34.6801    1465.87  1032.1420 0.0000e+00
     0.4622    34.6800   2.960463    919.000     0.4612   2.960394     0.4188     0.4178     0.0688    -0.0114    4.19299   52.85973    182.190     0.0004    -0.0009     0.5258      97.66 1.0000e-12 0.0000e+00    34.6800    1465.89  1032.1466 0.0000e+00
     0.4621    34.6803   2.960509    920.000     0.4611   2.960433     0.4186     0.4176     0.0687    -0.0114    4.20376   52.99541    182.658     0.0004    -0.0010     0.5258      97.66 1.0000e-12 0.0000e+00    34.6802    1465.90  1032.1514 0.0000e+00
     0.4625    34.6802   2.960585    921.000     0.4614   2.960509     0.4189     0.4179     0.0686    -0.0114    4.19893   52.93502    182.448     0.0004    -0.0008     0.5258      97.66 1.0000e-12 0.0000e+00    34.6802    1465.92  1032.1560 0.0000e+00
     0.4623    34.6801   2.960602    922.000     0.4614   2.960555     0.4186     0.4177     0.0688    -0.0114    4.18479   52.75636    181.833     0.0004     0.0150     0.5276      97.66 1.0000e-12 0.0000e+00    34.6801    1465.94  1032.1606 0.0000e+00
     0.4621    34.6801   2.960629    923.000     0.4611   2.960570     0.4184     0.4174     0.0688    -0.0114    4.18183   52.71892    181.705     0.0004     0.0045     0.5258      97.66 1.0000e-12 0.0000e+00    34.6801    1465.95  1032.1653 0.0000e+00
     0.4625    34.6803   2.960726    924.000     0.4616   2.960670     0.4188     0.4179     0.0690    -0.0114    4.19038   52.82727    182.076     0.0004     0.0023     0.5258      97.66 1.0000e-12 0.0000e+00    34.6803    1465.97  1032.1701 0.0000e+00
     0.4638    34.6807   2.960909    925.000     0.4626   2.960825     0.4200     0.4188     0.0687    -0.0113    4.19119   52.83935    182.111     0.0004     0.0140     0.5414      97.66 1.0000e-12 0.0000e+00    34.6807    1465.99  1032.1750 0.0000e+00
     0.4676    34.6810   2.961316    926.000     0.4666   2.961255     0.4237     0.4227     0.0694    -0.0108    4.18482   52.76440    181.835     0.0004     0.0058     0.5745      97.66 1.0000e-12 0.0000e+00    34.6812    1466.03  1032.1797 0.0000e+00
     0.4680    34.6811   2.961398    927.000     0.4671   2.961333     0.4241     0.4231     0.0689    -0.0111    4.17491   52.63998    181.404     0.0004     0.0192     0.5746      97.66 1.0000e-12 0.0000e+00    34.6812    1466.05  1032.1843 0.0000e+00
     0.4677    34.6812   2.961424    928.000     0.4667   2.961358     0.4237     0.4227     0.0690    -0.0115    4.18160   52.72405    181.695     0.0004     0.0137     0.5500      97.66 1.0000e-12 0.0000e+00    34.6813    1466.06  1032.1891 0.0000e+00
     0.4672    34.6813   2.961428    929.000     0.4663   2.961361     0.4232     0.4223     0.0686    -0.0107    4.17182   52.60011    181.270     0.0004     0.0014     0.5127      97.66 1.0000e-12 0.0000e+00    34.6813    1466.08  1032.1938 0.0000e+00
     0.4672    34.6812   2.961459    930.000     0.4662   2.961393     0.4230     0.4221     0.0689    -0.0106    4.14793   52.29868    180.231     0.0004     0.0188     0.5256      97.66 1.0000e-12 0.0000e+00    34.6813    1466.09  1032.1984 0.0000e+00
     0.4671    34.6811   2.961492    931.000     0.4661   2.961429     0.4230     0.4220     0.0685    -0.0114    4.14883   52.30995    180.271     0.0004     0.0206     0.5296      97.66 1.0000e-12 0.0000e+00    34.6812    1466.11  1032.2030 0.0000e+00
     0.4671    34.6811   2.961535    932.000     0.4661   2.961472     0.4229     0.4219     0.0689    -0.0114    4.15037   52.32938    180.338     0.0004     0.0194     0.5627      97.66 1.0000e-12 0.0000e+00    34.6812    1466.13  1032.2076 0.0000e+00
     0.4674    34.6811   2.961598    933.000     0.4663   2.961534     0.4231     0.4220     0.0693    -0.0114    4.14879   52.30980    180.269     0.0004     0.0180     0.5253      97.66 1.0000e-12 0.0000e+00    34.6812    1466.14  1032.2123 0.0000e+00
     0.4674    34.6812   2.961648    934.000     0.4664   2.961586     0.4231     0.4221     0.0700    -0.0114    4.16409   52.50273    180.934     0.0004     0.0046     0.5258      97.66 1.0000e-12 0.0000e+00    34.6812    1466.16  1032.2170 0.0000e+00
     0.4675    34.6813   2.961707    935.000     0.4664   2.961637     0.4231     0.4221     0.0690    -0.0116    4.15959   52.44623    180.738     0.0004     0.0001     0.5666      97.66 1.0000e-12 0.0000e+00    34.6813    1466.18  1032.2217 0.0000e+00
     0.4674    34.6810   2.961727    936.000     0.4665   2.961681     0.4230     0.4220     0.0684    -0.0114    4.15701   52.41349    180.626     0.0004     0.0007     0.5343      97.66 1.0000e-12 0.0000e+00    34.6811    1466.19  1032.2262 0.0000e+00
     0.4660    34.6812   2.961659    937.000     0.4649   2.961580     0.4215     0.4204     0.0687    -0.0111    4.16543   52.51780    180.992     0.0004    -0.0009     0.5257      97.66 1.0000e-12 0.0000e+00    34.6812    1466.20  1032.2311 0.0000e+00
     0.4652    34.6812   2.961633    938.000     0.4641   2.961541     0.4207     0.4196     0.0686    -0.0111    4.16869   52.55783    181.133     0.0004     0.0107     0.5258      97.66 1.0000e-12 0.0000e+00    34.6812    1466.22  1032.2357 0.0000e+00
     0.4648    34.6812   2.961641    939.000     0.4636   2.961561     0.4202     0.4191     0.0687    -0.0109    4.16489   52.50935    180.968     0.0004     0.0087     0.5258      97.66 1.0000e-12 0.0000e+00    34.6812    1466.23  1032.2405 0.0000e+00
     0.4641    34.6811   2.961621    940.000     0.4633   2.961552     0.4195     0.4186     0.0688    -0.0114    4.15528   52.38730    180.551     0.0004     0.0067     0.5258      97.66 1.0000e-12 0.0000e+00    34.6811    1466.24  1032.2451 0.0000e+00
     0.4626    34.6812   2.961536    941.000     0.4617   2.961463     0.4179     0.4170     0.0685    -0.0114    4.15834   52.42391    180.684     0.0004     0.0084     0.5258      97.66 1.0000e-12 0.0000e+00    34.6811    1466.25  1032.2499 0.0000e+00
     0.4618    34.6810   2.961493    942.000     0.4607   2.961424     0.4171     0.4160     0.0687    -0.0109    4.16783   52.54229    181.096     0.0004     0.0122     0.5258      97.66 1.0000e-12 0.0000e+00    34.6809    1466.27  1032.2545 0.0000e+00
     0.4609    34.6809   2.961450    943.000     0.4599   2.961391     0.4161     0.4151     0.0686    -0.0085    4.17242   52.59884    181.295     0.0004     0.0011     0.5258      97.66 1.0000e-12 0.0000e+00    34.6808    1466.28  1032.2591 0.0000e+00
     0.4596    34.6809   2.961378    944.000     0.4587   2.961331     0.4148     0.4139     0.0688    -0.0114    4.17083   52.57705    181.227     0.0004     0.0036     0.5258      97.66 1.0000e-12 0.0000e+00    34.6807    1466.29  1032.2638 0.0000e+00
     0.4589    34.6809   2.961366    945.000     0.4580   2.961307     0.4141     0.4131     0.0696    -0.0114    4.16589   52.51387    181.012     0.0004     0.0152     0.5339      97.66 1.0000e-12 0.0000e+00    34.6808    1466.30  1032.2686 0.0000e+00
